Area Code	Area Name	"Total recorded crime (excluding fraud3)
"	Violence against the person4	Homicide	Violence with injury	Violence without injury	Stalking and harassment4	Death or serious injury caused by illegal driving4	Sexual offences	Robbery	Theft offences	Burglary	Domestic burglary	Non-domestic burglary	Vehicle offences	Theft from the person	Bicycle theft	Shoplifting	Other theft offences	Criminal damage and arson
K04000001	ENGLAND AND WALES5	4503460	1229260	664	480748	504051	243086	711	129700	64499	1940040	423137	235335	187802	427561	92435	100788	377172	518947	578596
E92000001	ENGLAND	4240153	1155802	623	452997	473555	227946	681	121237	63273	1838426	406489	227189	179300	411396	85916	91427	355408	487790	539800
E12000001	North East	236296	65413	25	22591	25057	17713	27	6786	1373	90870	18921	9135	9786	14581	1905	3931	24772	26760	40319
E23000013	Cleveland	52749	13423	4	5435	5553	2425	6	1470	403	23576	5033	2740	2293	3789	467	1015	7131	6141	9260
E23000008	Durham	51429	16532	4	5136	5896	5486	10	1543	176	17949	4646	2160	2486	3314	258	603	4089	5039	9205
E23000007	Northumbria	132118	35458	17	12020	13608	9802	11	3773	794	49345	9242	4235	5007	7478	1180	2313	13552	15580	21854
E12000002	North West6	618899	166904	123	65793	66866	34039	83	16894	7953	250301	63483	37253	26230	53565	10837	10387	47206	64823	90042
E23000006	Cheshire	71342	20285	4	8556	7263	4451	11	1855	305	23760	4690	2381	2309	3719	558	1414	7089	6290	9471
E23000002	Cumbria	25876	7648	3	3474	3283	878	10	1078	79	9053	1955	840	1115	1170	178	307	2845	2598	5176
E23000005	Greater Manchester	294581	76404	76	24744	35822	15724	38	7663	5401	120690	32173	19895	12278	27661	6812	4950	18435	30659	39544
E23000003	Lancashire	111899	32338	16	15729	11431	5151	11	3469	854	49645	13000	6411	6589	10587	1393	1771	8982	13912	18329
E23000004	Merseyside	115201	30229	24	13290	9067	7835	13	2829	1314	47153	11665	7726	3939	10428	1896	1945	9855	11364	17522
E12000003	Yorkshire and the Humber	496278	134710	60	50861	54000	29667	122	14072	5093	214703	54886	30695	24191	47870	7422	7407	43266	53852	70264
E23000012	Humberside	80823	23215	4	9816	9984	3389	22	2469	777	33885	9012	4339	4673	6221	608	2012	8395	7637	12530
E23000009	North Yorkshire	37359	9876	7	4658	3942	1261	8	1465	161	16116	3681	1592	2089	2150	447	1250	4221	4367	5756
E23000011	South Yorkshire	131045	31838	16	13227	10375	8174	46	3575	1571	60608	15690	9189	6501	13954	1848	1444	12411	15261	19490
E23000010	West Yorkshire	247051	69781	33	23160	29699	16843	46	6563	2584	104094	26503	15575	10928	25545	4519	2701	18239	26587	32488
E12000004	East Midlands	307699	77378	58	35508	30340	11430	42	9533	3370	145950	34500	17932	16568	33146	2831	6662	32129	36682	41654
E23000018	Derbyshire	54643	12173	14	7129	3819	1202	9	1857	576	26824	6485	3376	3109	6093	540	932	6411	6363	8238
E23000021	Leicestershire	72515	17494	19	6074	7893	3501	7	1693	667	36625	8849	5102	3747	9407	634	1801	6657	9277	9344
E23000020	Lincolnshire	38224	8261	8	4108	3199	943	3	1290	225	18978	4641	1914	2727	3259	279	1179	5022	4598	5509
E23000022	Northamptonshire	55359	15519	4	6877	7285	1349	4	1766	978	25953	6427	3171	3256	6934	541	1057	5253	5741	7306
E23000019	Nottinghamshire	86958	23931	13	11320	8144	4435	19	2927	924	37570	8098	4369	3729	7453	837	1693	8786	10703	11257
E12000005	West Midlands region	418840	117634	60	51532	43333	22649	60	13141	7888	187080	44806	25732	19074	49501	4204	6936	37615	44018	51845
E23000015	Staffordshire	80093	27417	2	10943	10163	6301	8	3013	690	29122	6260	3371	2889	5168	476	1100	7348	8770	11114
E23000017	Warwickshire	39638	11502	10	4395	4785	2308	4	1485	313	17742	3905	2069	1836	4518	330	932	3516	4541	4381
E23000016	West Mercia	83858	28016	12	10539	11405	6047	13	3345	599	32180	8569	3954	4615	5819	679	1149	6900	9064	10270
E23000014	West Midlands	215251	50699	36	25655	16980	7993	35	5298	6286	108036	26072	16338	9734	33996	2719	3755	19851	21643	26080
E12000006	East of England	408959	114566	54	41572	50054	22785	101	11487	4014	172816	38068	21094	16974	38368	4893	12128	35799	43560	53115
E23000026	Bedfordshire	44472	10694	4	4372	4201	2105	12	938	761	22376	5455	3622	1833	5901	565	1111	4293	5051	5578
E23000023	Cambridgeshire	61699	15068	7	4823	8153	2061	24	1723	571	29218	5850	2878	2972	5731	899	4217	5085	7436	8020
E23000028	Essex	124366	35696	14	13072	14699	7867	44	3148	1287	52930	13011	7661	5350	13431	1382	2579	9859	12668	15359
E23000027	Hertfordshire	77942	21351	11	8161	8850	4316	13	1881	692	32693	6213	3415	2798	7480	1044	1599	7839	8518	10027
E23000024	Norfolk	52003	16333	11	5994	7753	2575	0	2039	406	17950	3699	1758	1941	2415	568	1494	4740	5034	7297
E23000025	Suffolk	48477	15424	7	5150	6398	3861	8	1758	297	17649	3840	1760	2080	3410	435	1128	3983	4853	6834
E12000007	London7	789480	195467	135	76402	78161	40732	37	18172	26356	386303	70374	45972	24402	97292	42081	20538	47449	108569	62564
E23000034	London, City of	5511	876	3	370	373	130	0	69	35	3509	198	12	186	175	496	374	751	1515	252
E23000001	Metropolitan Police	783969	194591	132	76032	77788	40602	37	18103	26321	382794	70176	45960	24216	97117	41585	20164	46698	107054	62312
E12000008	South East	617355	183019	58	70397	84454	27966	144	19982	4698	250960	50947	24908	26039	48889	8227	16497	55065	71335	83082
E23000030	Hampshire	156996	51684	11	20947	23051	7651	24	5199	1076	57065	12945	5431	7514	11497	1363	4164	13133	13963	19624
E23000032	Kent	141702	48896	12	17396	23377	8070	41	4849	1286	52916	11243	5507	5736	11671	1031	1892	11540	15539	20845
E23000031	Surrey	67388	19232	4	6673	8418	4127	10	1896	314	25563	6273	3743	2530	4834	444	1349	4283	8380	9406
E23000033	Sussex	108327	31997	10	12691	14221	5033	42	3548	943	41075	7958	3982	3976	6663	1739	2686	8590	13439	14088
E23000029	Thames Valley	142942	31210	21	12690	15387	3085	27	4490	1079	74341	12528	6245	6283	14224	3650	6406	17519	20014	19119
E12000009	South West	346347	100711	50	38341	41290	20965	65	11170	2528	139443	30504	14468	16036	28184	3516	6941	32107	38191	46915
E23000036	Avon & Somerset	134566	37785	12	11150	15752	10867	4	3381	1200	54259	11345	5942	5403	12207	1286	3161	12553	13707	15451
E23000035	Devon & Cornwall	90266	29517	19	12519	11668	5271	40	3805	457	30571	6138	2699	3439	5026	860	891	7422	10234	14410
E23000039	Dorset	46189	13033	7	4622	6340	2054	10	1397	264	20724	4589	1821	2768	3647	660	1185	4410	6233	6446
E23000037	Gloucestershire	32803	7420	7	4435	2097	874	7	984	343	16900	4235	2064	2171	3755	296	874	3864	3876	4470
E23000038	Wiltshire	42523	12956	5	5615	5433	1899	4	1603	264	16989	4197	1942	2255	3549	414	830	3858	4141	6138
W92000004	WALES	209860	64516	31	25277	24191	14987	30	6853	834	77663	16221	8028	8193	15070	1750	3203	19279	22140	31878
W15000004	Dyfed-Powys	22402	7642	1	2934	3410	1294	3	957	55	6799	1563	709	854	890	84	158	1550	2554	3680
W15000002	Gwent	43078	12288	6	4485	4903	2888	6	1009	201	16367	3703	1945	1758	3316	269	386	3994	4699	7445
W15000001	North Wales	42470	14505	10	6242	6547	1704	2	2057	172	14871	3478	1691	1787	2138	252	511	4007	4485	7015
W15000003	South Wales	101910	30081	14	11616	9331	9101	19	2830	406	39626	7477	3683	3794	8726	1145	2148	9728	10402	13738
	British Transport Police8	53447	8942	10	2474	6305	153	0	1610	392	23951	427	118	309	1095	4769	6158	2485	9017	6918
