Area Code	Area Name	Total recorded crime (excluding fraud3)	Violence against the person	Homicide	Violence with injury	Violence without injury	Stalking and harassment 4	Death or serious injury - unlawful driving 4	Sexual offences	Robbery	Theft offences	Burglary	Residential burglary5	Non-residential burglary5	Vehicle offences	Theft from the person	Bicycle theft	Shoplifting	Other theft offences	Criminal damage and arson
K04000001	ENGLAND AND WALES6	5279956	1694644	681	543089	691266	458881	727	163076	88177	2009125	417416	291820	125596	469915	109096	97512	368745	546441	568131
E92000001	ENGLAND	4949875	1586671	646	511422	647075	426837	691	152283	86273	1900499	401297	281250	120047	454083	98530	87914	345513	513162	527114
E12000001	North East	289716	95647	39	24966	36596	33984	62	8572	1655	95044	18585	12301	6284	15696	2355	3353	27302	27753	41472
E23000013	Cleveland	68509	23021	14	5844	8408	8746	9	1817	605	25337	5429	3923	1506	3933	527	969	8284	6195	9690
E23000008	Durham	63212	24808	8	5647	8618	10517	18	1883	211	18347	4191	2929	1262	2974	293	475	5092	5322	9561
E23000007	Northumbria	157995	47818	17	13475	19570	14721	35	4872	839	51360	8965	5449	3516	8789	1535	1909	13926	16236	22221
E12000002	North West 7,8	753795	253897	116	77395	105606	70718	62	22443	10691	250091	59197	42101	17096	56633	12422	9233	44356	68250	84667
E23000006	Cheshire7	92516	33322	5	10061	12984	10268	4	2716	483	24753	4615	3205	1410	3785	685	1556	6722	7390	9715
E23000002	Cumbria	37545	14960	3	4923	5893	4131	10	1634	140	9615	2073	1240	833	1107	196	277	2790	3172	5687
E23000005	Greater Manchester	328268	97781	61	28355	44468	24864	33	9523	7416	120557	29092	21172	7920	31565	7504	3924	17493	30979	34314
E23000003	Lancashire 8	162194	62406	26	19487	23798	19095	0	5320	1249	52967	13575	9154	4421	10150	1706	1641	9192	16703	19350
E23000004	Merseyside	133272	45428	21	14569	18463	12360	15	3250	1403	42199	9842	7330	2512	10026	2331	1835	8159	10006	15601
E12000003	Yorkshire and The Humber	588167	203620	73	59777	77523	66133	114	17712	6832	205327	52381	37094	15287	44036	7224	6792	43261	51633	67204
E23000012	Humberside	102654	34857	10	11115	13434	10275	23	3177	981	36059	8302	5916	2386	5897	716	2224	10786	8134	13079
E23000009	North Yorkshire	45839	15124	5	5726	5975	3392	26	1967	221	17256	4010	2451	1559	2245	496	1193	4561	4751	6013
E23000011	South Yorkshire	143514	44892	24	14409	13499	16933	27	3874	1711	54320	14927	10250	4677	12853	1821	1137	10115	13467	17584
E23000010	West Yorkshire	296160	108747	34	28527	44615	35533	38	8694	3919	97692	25142	18477	6665	23041	4191	2238	17799	25281	30528
E12000004	East Midlands	381657	121902	53	43679	48792	29338	40	13074	4225	148705	32112	21873	10239	35125	4979	7243	32983	36263	43841
E23000018	Derbyshire	65371	20842	8	9995	6427	4407	5	2350	663	25704	6050	4227	1823	5335	752	1084	5722	6761	8164
E23000021	Leicestershire	92046	27840	7	6892	14016	6915	10	2865	1090	36652	8282	5864	2418	10225	1432	2091	6117	8505	10564
E23000020	Lincolnshire	55994	19485	18	6042	8645	4767	13	2188	356	19729	4287	2960	1327	3079	304	1081	5636	5342	6485
E23000022	Northamptonshire	61280	20748	12	7385	9155	4189	7	2352	857	24678	6032	3762	2270	7705	570	879	4153	5339	6569
E23000019	Nottinghamshire	106966	32987	8	13365	10549	9060	5	3319	1259	41942	7461	5060	2401	8781	1921	2108	11355	10316	12059
E12000005	West Midlands 	475108	157235	79	57549	59168	40358	81	15875	11046	190954	45559	33232	12327	52194	5054	5701	36787	45659	50569
E23000015	Staffordshire	83773	31374	11	10219	11187	9950	7	3298	945	28951	5488	3520	1968	5404	569	1067	7701	8722	10510
E23000017	Warwickshire	41923	13509	1	4644	5556	3301	7	1285	493	17952	4078	2951	1127	4889	439	677	3319	4550	4499
E23000016	West Mercia	86854	31810	14	10346	12614	8807	29	3555	663	31584	7318	5219	2099	5771	807	1068	7806	8814	9970
E23000014	West Midlands	262558	80542	53	32340	29811	18300	38	7737	8945	112467	28675	21542	7133	36130	3239	2889	17961	23573	25590
E12000006	East 	488390	161767	57	46088	70414	45086	122	15405	5471	182542	36975	25387	11588	45252	5561	11987	37078	45689	52689
E23000026	Bedfordshire	56918	16101	5	4703	7030	4343	20	1520	853	25086	6080	4072	2008	7613	693	1177	4022	5501	5734
E23000023	Cambridgeshire	66023	17864	12	5183	9022	3626	21	2111	806	29585	5592	3716	1876	6638	995	4539	4621	7200	7597
E23000028	Essex	162453	60205	14	14939	23189	22028	35	4485	1820	55629	11889	8536	3353	15463	1380	2242	11039	13616	16300
E23000027	Hertfordshire	86379	25396	13	8587	11404	5360	32	2323	979	36642	6263	4341	1922	9367	1402	1591	9085	8934	9035
E23000024	Norfolk	62054	22546	5	6938	10959	4632	12	2593	502	17948	3430	2204	1226	2752	567	1315	4175	5709	7649
E23000025	Suffolk	54563	19655	8	5738	8810	5097	2	2373	511	17652	3721	2518	1203	3419	524	1123	4136	4729	6374
E12000007	London	885808	217407	119	78010	87314	51956	8	20410	36375	446871	81683	60063	21620	120491	50235	21377	44122	128963	56483
E23000034	London, City of	7888	1182	0	427	629	126	0	97	143	5071	316	23	293	197	692	522	990	2354	234
E23000001	Metropolitan Police	877920	216225	119	77583	86685	51830	8	20313	36232	441800	81367	60040	21327	120294	49543	20855	43132	126609	56249
E12000008	South East	712087	247205	59	78323	111614	57058	151	25226	6713	249921	48034	33085	14949	58100	7409	14765	50541	71072	82992
E23000030	Hampshire	156866	56167	11	20921	23852	11368	15	5656	1407	52493	11363	7614	3749	11468	1233	3541	12004	12884	17979
E23000032	Kent	196111	78335	18	20241	36618	21394	64	7056	1982	58587	11912	8493	3419	13672	1277	1657	13206	16863	22350
E23000031	Surrey	76626	23673	5	7341	10666	5638	23	2460	488	27632	6007	4617	1390	6354	615	1280	4447	8929	9715
E23000033	Sussex	119731	40527	11	14192	18049	8262	13	4547	1222	40568	7378	4517	2861	8835	1562	2537	7852	12404	14127
E23000029	Thames Valley	162753	48503	14	15628	22429	10396	36	5507	1614	70641	11374	7844	3530	17771	2722	5750	13032	19992	18821
E12000009	South West	375147	127991	51	45635	50048	32206	51	13566	3265	131044	26771	16114	10657	26556	3291	7463	29083	37880	47197
E23000036	Avon and Somerset 9	136710	42874	14	12786	17956	12116	2	4341	1623	49212	9845	6553	3292	10496	1262	3373	10540	13696	15377
E23000035	Devon and Cornwall	106154	41516	20	15888	15372	10199	37	4583	686	29949	5626	2498	3128	5462	825	898	7262	9876	14737
E23000039	Dorset	53672	18971	5	6403	7999	4555	9	1964	302	20030	4143	2257	1886	4272	502	1250	3758	6105	6749
E23000037	Gloucestershire	35447	9955	7	4926	2494	2527	1	1092	327	16011	4092	2880	1212	3631	365	1043	3068	3812	4608
E23000038	Wiltshire	43164	14675	5	5632	6227	2809	2	1586	327	15842	3065	1926	1139	2695	337	899	4455	4391	5726
W92000004	WALES	261520	95609	29	28370	35440	31734	36	8949	1138	78245	15567	10569	4998	14442	1725	3169	20415	22927	34019
W15000004	Dyfed-Powys	29259	11774	5	3295	4967	3505	2	1109	66	7580	1585	1032	553	943	86	151	1855	2960	4001
W15000002	Gwent	58434	20219	3	5804	7396	7010	6	1610	289	15831	3685	2502	1183	3318	344	406	3382	4696	9525
W15000001	North Wales	61245	25589	5	6966	10957	7656	5	2746	228	16070	3705	2623	1082	2238	213	583	4349	4982	7776
W15000003	South Wales	112582	38027	16	12305	12120	13563	23	3484	555	38764	6592	4412	2180	7943	1082	2029	10829	10289	12717
	British Transport Police	68561	12364	6	3297	8751	310	0	1844	766	30381	552	1	551	1390	8841	6429	2817	10352	6998
